000000000100110101000110001010
100010101110001100011010100010
001000000010011110100010101000
000000000001010010110100101000
000000001000011011011000001001
001000010001001111010110110000
100000000101001000110100011000
011000000011010101100010010000
000001000000000101101010001000
000000000000000001000001000000
000100000101111110111110100011
100110000001010111111000001010
000010000101000101010010011000
000000000001011101001110001001
000010000110011100011110111010
001001010101000111001000011010
000100111101011010010110011000
000000000100011001011110111010
100100110000011011010000111001
000000100101011011011000000110
101100000101011001011111101001
100100011001011111101010010000
000000001101001111111110011010
100100011101010000101000001000
000011010110000100111110001000
000000011101011000001010100000
001000000001011100100010111000
000010000001001101011100000010
000100000111011011000011000001
001000000101011011010000100010
